,date,close,symbol
0,2014-03-04,16.9166,AHT-D
1,2014-03-05,16.8745,AHT-D
2,2014-03-06,16.8547,AHT-D
3,2014-03-07,16.8349,AHT-D
4,2014-03-10,16.8679,AHT-D
5,2014-03-11,16.8415,AHT-D
6,2014-03-12,16.8877,AHT-D
7,2014-03-13,16.8874,AHT-D
8,2014-03-14,16.8679,AHT-D
9,2014-03-17,16.9048,AHT-D
10,2014-03-18,16.9338,AHT-D
11,2014-03-19,16.9535,AHT-D
12,2014-03-20,16.8943,AHT-D
13,2014-03-21,17.0064,AHT-D
14,2014-03-24,16.9998,AHT-D
15,2014-03-25,17.0327,AHT-D
16,2014-03-26,17.0087,AHT-D
17,2014-03-27,17.0442,AHT-D
18,2014-03-28,16.9916,AHT-D
19,2014-03-31,17.0427,AHT-D
20,2014-04-01,17.0859,AHT-D
21,2014-04-02,17.032,AHT-D
22,2014-04-03,17.0993,AHT-D
23,2014-04-04,17.0454,AHT-D
24,2014-04-07,17.0926,AHT-D
25,2014-04-08,17.0926,AHT-D
26,2014-04-09,17.0858,AHT-D
27,2014-04-10,17.0386,AHT-D
28,2014-04-11,17.032,AHT-D
29,2014-04-14,17.032,AHT-D
30,2014-04-15,17.0926,AHT-D
31,2014-04-16,17.1397,AHT-D
32,2014-04-17,17.1127,AHT-D
33,2014-04-21,17.1736,AHT-D
34,2014-04-22,17.1666,AHT-D
35,2014-04-23,17.1868,AHT-D
36,2014-04-24,17.1464,AHT-D
37,2014-04-25,17.1464,AHT-D
38,2014-04-28,17.1801,AHT-D
39,2014-04-29,17.2003,AHT-D
40,2014-04-30,17.1666,AHT-D
41,2014-05-01,17.1733,AHT-D
42,2014-05-02,17.2003,AHT-D
43,2014-05-05,17.1599,AHT-D
44,2014-05-06,17.1733,AHT-D
45,2014-05-07,17.1665,AHT-D
46,2014-05-08,17.207,AHT-D
47,2014-05-09,17.2272,AHT-D
48,2014-05-12,17.1733,AHT-D
49,2014-05-13,17.1868,AHT-D
50,2014-05-14,17.1935,AHT-D
51,2014-05-15,17.2258,AHT-D
52,2014-05-16,17.2407,AHT-D
53,2014-05-19,17.2333,AHT-D
54,2014-05-20,17.2295,AHT-D
55,2014-05-21,17.2454,AHT-D
56,2014-05-22,17.2541,AHT-D
57,2014-05-23,17.2676,AHT-D
58,2014-05-27,17.2407,AHT-D
59,2014-05-28,17.207,AHT-D
60,2014-05-29,17.2407,AHT-D
61,2014-05-30,17.2339,AHT-D
62,2014-06-02,17.207,AHT-D
63,2014-06-03,17.1935,AHT-D
64,2014-06-04,17.2339,AHT-D
65,2014-06-05,17.2339,AHT-D
66,2014-06-06,17.273,AHT-D
67,2014-06-09,17.2878,AHT-D
68,2014-06-10,17.2811,AHT-D
69,2014-06-11,17.3012,AHT-D
70,2014-06-12,17.3282,AHT-D
71,2014-06-13,17.308,AHT-D
72,2014-06-16,17.2945,AHT-D
73,2014-06-17,17.3282,AHT-D
74,2014-06-18,17.2945,AHT-D
75,2014-06-19,17.3354,AHT-D
76,2014-06-20,17.3252,AHT-D
77,2014-06-23,17.3349,AHT-D
78,2014-06-24,17.4157,AHT-D
79,2014-06-25,17.4224,AHT-D
80,2014-06-26,17.4823,AHT-D
81,2014-06-27,17.5026,AHT-D
82,2014-06-30,17.5311,AHT-D
83,2014-07-01,17.5241,AHT-D
84,2014-07-02,17.4692,AHT-D
85,2014-07-03,17.5379,AHT-D
86,2014-07-07,17.641,AHT-D
87,2014-07-08,17.6135,AHT-D
88,2014-07-09,17.6685,AHT-D
89,2014-07-10,17.5654,AHT-D
90,2014-07-11,17.5173,AHT-D
91,2014-07-14,17.5379,AHT-D
92,2014-07-15,17.5379,AHT-D
93,2014-07-16,17.4967,AHT-D
94,2014-07-17,17.4967,AHT-D
95,2014-07-18,17.5002,AHT-D
96,2014-07-21,17.4624,AHT-D
97,2014-07-22,17.4815,AHT-D
98,2014-07-23,17.5242,AHT-D
99,2014-07-24,17.5654,AHT-D
100,2014-07-25,17.6385,AHT-D
101,2014-07-28,17.5792,AHT-D
102,2014-07-29,17.6342,AHT-D
103,2014-07-30,17.6067,AHT-D
104,2014-07-31,17.5861,AHT-D
105,2014-08-01,17.4967,AHT-D
106,2014-08-04,17.5311,AHT-D
107,2014-08-05,17.5929,AHT-D
108,2014-08-06,17.5736,AHT-D
109,2014-08-07,17.4898,AHT-D
110,2014-08-08,17.5524,AHT-D
111,2014-08-11,17.5448,AHT-D
112,2014-08-12,17.5723,AHT-D
113,2014-08-13,17.6053,AHT-D
114,2014-08-14,17.5654,AHT-D
115,2014-08-15,17.6547,AHT-D
116,2014-08-18,17.6616,AHT-D
117,2014-08-19,17.7029,AHT-D
118,2014-08-20,17.5448,AHT-D
119,2014-08-21,17.7214,AHT-D
120,2014-08-22,17.6479,AHT-D
121,2014-08-25,17.7716,AHT-D
122,2014-08-26,17.7235,AHT-D
123,2014-08-27,17.6754,AHT-D
124,2014-08-28,17.7548,AHT-D
125,2014-08-29,17.7853,AHT-D
126,2014-09-02,17.695999999999998,AHT-D
127,2014-09-03,17.7304,AHT-D
128,2014-09-04,17.7098,AHT-D
129,2014-09-05,17.6067,AHT-D
130,2014-09-08,17.6135,AHT-D
131,2014-09-09,17.6067,AHT-D
132,2014-09-10,17.5998,AHT-D
133,2014-09-11,17.6754,AHT-D
134,2014-09-12,17.5999,AHT-D
135,2014-09-15,17.7166,AHT-D
136,2014-09-16,17.695999999999998,AHT-D
137,2014-09-17,17.695999999999998,AHT-D
138,2014-09-18,17.6548,AHT-D
139,2014-09-19,17.695999999999998,AHT-D
140,2014-09-22,17.7098,AHT-D
141,2014-09-23,17.6685,AHT-D
142,2014-09-24,17.641,AHT-D
143,2014-09-25,17.7579,AHT-D
144,2014-09-26,17.8056,AHT-D
145,2014-09-29,17.7776,AHT-D
146,2014-09-30,17.7355,AHT-D
147,2014-10-01,17.7214,AHT-D
148,2014-10-02,17.7327,AHT-D
149,2014-10-03,17.7495,AHT-D
150,2014-10-06,17.8197,AHT-D
151,2014-10-07,17.8197,AHT-D
152,2014-10-08,17.8477,AHT-D
153,2014-10-09,17.8267,AHT-D
154,2014-10-10,17.7495,AHT-D
155,2014-10-13,17.7495,AHT-D
156,2014-10-14,17.7706,AHT-D
157,2014-10-15,17.7776,AHT-D
158,2014-10-16,17.7776,AHT-D
159,2014-10-17,17.7706,AHT-D
160,2014-10-20,17.8477,AHT-D
161,2014-10-21,17.8512,AHT-D
162,2014-10-22,17.8197,AHT-D
163,2014-10-23,17.8407,AHT-D
164,2014-10-24,17.8828,AHT-D
165,2014-10-27,17.8758,AHT-D
166,2014-10-28,17.8828,AHT-D
167,2014-10-29,17.8126,AHT-D
168,2014-10-30,17.8126,AHT-D
169,2014-10-31,17.8618,AHT-D
170,2014-11-03,17.8769,AHT-D
171,2014-11-04,17.9179,AHT-D
172,2014-11-05,17.9389,AHT-D
173,2014-11-06,17.953,AHT-D
174,2014-11-07,17.9819,AHT-D
175,2014-11-10,17.96,AHT-D
176,2014-11-11,18.0021,AHT-D
177,2014-11-12,17.9951,AHT-D
178,2014-11-13,17.967,AHT-D
179,2014-11-14,17.967,AHT-D
180,2014-11-17,17.9389,AHT-D
181,2014-11-18,18.023,AHT-D
182,2014-11-19,17.9319,AHT-D
183,2014-11-20,17.9956,AHT-D
184,2014-11-21,17.9944,AHT-D
185,2014-11-24,17.953,AHT-D
186,2014-11-25,17.974,AHT-D
187,2014-11-26,18.0231,AHT-D
188,2014-11-28,18.0091,AHT-D
189,2014-12-01,17.980999999999998,AHT-D
190,2014-12-02,17.9951,AHT-D
191,2014-12-03,17.9941,AHT-D
192,2014-12-04,18.0301,AHT-D
193,2014-12-05,18.0231,AHT-D
194,2014-12-08,18.017,AHT-D
195,2014-12-09,18.0161,AHT-D
196,2014-12-10,18.0371,AHT-D
197,2014-12-11,18.023,AHT-D
198,2014-12-12,18.0372,AHT-D
199,2014-12-15,18.0021,AHT-D
200,2014-12-16,17.988,AHT-D
201,2014-12-17,17.980999999999998,AHT-D
202,2014-12-18,17.9951,AHT-D
203,2014-12-19,18.0477,AHT-D
204,2014-12-22,18.0652,AHT-D
205,2014-12-23,18.1283,AHT-D
206,2014-12-24,18.0722,AHT-D
207,2014-12-26,18.1354,AHT-D
208,2014-12-29,18.2986,AHT-D
209,2014-12-30,18.2629,AHT-D
210,2014-12-31,18.2844,AHT-D
211,2015-01-02,18.3392,AHT-D
212,2015-01-05,18.2629,AHT-D
213,2015-01-06,18.313,AHT-D
214,2015-01-07,18.3703,AHT-D
215,2015-01-08,18.2987,AHT-D
216,2015-01-09,18.3559,AHT-D
217,2015-01-12,18.3775,AHT-D
218,2015-01-13,18.3847,AHT-D
219,2015-01-14,18.3059,AHT-D
220,2015-01-15,18.313,AHT-D
221,2015-01-16,18.3489,AHT-D
222,2015-01-20,18.3489,AHT-D
223,2015-01-21,18.3202,AHT-D
224,2015-01-22,18.4276,AHT-D
225,2015-01-23,18.4069,AHT-D
226,2015-01-26,18.4557,AHT-D
227,2015-01-27,18.4612,AHT-D
228,2015-01-28,18.442,AHT-D
229,2015-01-29,18.4706,AHT-D
230,2015-01-30,18.4205,AHT-D
231,2015-02-02,18.4563,AHT-D
232,2015-02-03,18.4348,AHT-D
233,2015-02-04,18.3489,AHT-D
234,2015-02-05,18.3847,AHT-D
235,2015-02-06,18.3847,AHT-D
236,2015-02-09,18.3847,AHT-D
237,2015-02-10,18.442,AHT-D
238,2015-02-11,18.4563,AHT-D
239,2015-02-12,18.4993,AHT-D
240,2015-02-13,18.442,AHT-D
241,2015-02-17,18.442,AHT-D
242,2015-02-18,18.4563,AHT-D
243,2015-02-19,18.5278,AHT-D
244,2015-02-20,18.4993,AHT-D
245,2015-02-23,18.4778,AHT-D
246,2015-02-24,18.4706,AHT-D
247,2015-02-25,18.4849,AHT-D
248,2015-02-26,18.4563,AHT-D
249,2015-02-27,18.4778,AHT-D
250,2015-03-02,18.5212,AHT-D
251,2015-03-03,18.6138,AHT-D
252,2015-03-04,18.6138,AHT-D
253,2015-03-05,18.6425,AHT-D
254,2015-03-06,18.5709,AHT-D
255,2015-03-09,18.4849,AHT-D
256,2015-03-10,18.4993,AHT-D
257,2015-03-11,18.5637,AHT-D
258,2015-03-12,18.6461,AHT-D
259,2015-03-13,18.6037,AHT-D
260,2015-03-16,18.6783,AHT-D
261,2015-03-17,18.6926,AHT-D
262,2015-03-18,18.7642,AHT-D
263,2015-03-19,18.664,AHT-D
264,2015-03-20,18.656,AHT-D
265,2015-03-23,18.7069,AHT-D
266,2015-03-24,18.6926,AHT-D
267,2015-03-25,18.6568,AHT-D
268,2015-03-26,18.7141,AHT-D
269,2015-03-27,18.815,AHT-D
270,2015-03-30,18.8004,AHT-D
271,2015-03-31,18.8004,AHT-D
272,2015-04-01,18.7346,AHT-D
273,2015-04-02,18.7639,AHT-D
274,2015-04-06,18.7712,AHT-D
275,2015-04-07,18.8691,AHT-D
276,2015-04-08,18.8004,AHT-D
277,2015-04-09,18.8176,AHT-D
278,2015-04-10,18.742,AHT-D
279,2015-04-13,18.7493,AHT-D
280,2015-04-14,18.7858,AHT-D
281,2015-04-15,18.8224,AHT-D
282,2015-04-16,18.8662,AHT-D
283,2015-04-17,18.932000000000002,AHT-D
284,2015-04-20,18.9686,AHT-D
285,2015-04-21,18.8589,AHT-D
286,2015-04-22,18.8589,AHT-D
287,2015-04-23,18.8297,AHT-D
288,2015-04-24,18.7639,AHT-D
289,2015-04-27,18.7858,AHT-D
290,2015-04-28,18.7712,AHT-D
291,2015-04-29,18.8808,AHT-D
292,2015-04-30,18.7273,AHT-D
293,2015-05-01,18.6908,AHT-D
294,2015-05-04,18.6469,AHT-D
295,2015-05-05,18.5811,AHT-D
296,2015-05-06,18.6542,AHT-D
297,2015-05-07,18.6762,AHT-D
298,2015-05-08,18.6542,AHT-D
299,2015-05-11,18.6104,AHT-D
300,2015-05-12,18.7054,AHT-D
301,2015-05-13,18.6835,AHT-D
302,2015-05-14,18.815,AHT-D
303,2015-05-15,18.8589,AHT-D
304,2015-05-18,18.932000000000002,AHT-D
305,2015-05-19,18.8955,AHT-D
306,2015-05-20,18.9466,AHT-D
307,2015-05-21,18.9832,AHT-D
308,2015-05-22,19.0124,AHT-D
309,2015-05-26,18.8516,AHT-D
310,2015-05-27,18.9028,AHT-D
311,2015-05-28,18.9393,AHT-D
312,2015-05-29,18.9612,AHT-D
313,2015-06-01,18.9612,AHT-D
314,2015-06-02,18.9393,AHT-D
315,2015-06-03,19.0051,AHT-D
316,2015-06-04,18.9905,AHT-D
317,2015-06-05,18.9539,AHT-D
318,2015-06-08,19.0051,AHT-D
319,2015-06-09,18.9254,AHT-D
320,2015-06-10,18.9832,AHT-D
321,2015-06-11,19.0051,AHT-D
322,2015-06-12,19.0051,AHT-D
323,2015-06-15,19.0124,AHT-D
324,2015-06-16,19.027,AHT-D
325,2015-06-17,19.0124,AHT-D
326,2015-06-18,18.9686,AHT-D
327,2015-06-19,19.005,AHT-D
328,2015-06-22,19.0636,AHT-D
329,2015-06-23,19.0563,AHT-D
330,2015-06-24,19.0782,AHT-D
331,2015-06-25,19.1001,AHT-D
332,2015-06-26,19.1136,AHT-D
333,2015-06-29,19.0614,AHT-D
334,2015-06-30,19.0912,AHT-D
335,2015-07-01,19.1285,AHT-D
336,2015-07-02,19.1285,AHT-D
337,2015-07-06,19.0689,AHT-D
338,2015-07-07,19.1957,AHT-D
339,2015-07-08,19.2031,AHT-D
340,2015-07-09,19.1212,AHT-D
341,2015-07-10,19.1427,AHT-D
342,2015-07-13,19.1658,AHT-D
343,2015-07-14,19.1584,AHT-D
344,2015-07-15,19.1733,AHT-D
345,2015-07-16,19.2404,AHT-D
346,2015-07-17,19.3225,AHT-D
347,2015-07-20,19.3374,AHT-D
348,2015-07-21,19.3524,AHT-D
349,2015-07-22,19.3001,AHT-D
350,2015-07-23,19.3225,AHT-D
351,2015-07-24,19.3225,AHT-D
352,2015-07-27,19.2255,AHT-D
353,2015-07-28,19.2479,AHT-D
354,2015-07-29,19.2703,AHT-D
355,2015-07-30,19.2777,AHT-D
356,2015-07-31,19.2703,AHT-D
357,2015-08-03,19.2479,AHT-D
358,2015-08-04,19.2927,AHT-D
359,2015-08-05,19.3001,AHT-D
360,2015-08-06,19.2404,AHT-D
361,2015-08-07,19.2777,AHT-D
362,2015-08-10,19.33,AHT-D
363,2015-08-11,19.3225,AHT-D
364,2015-08-12,19.2807,AHT-D
365,2015-08-13,19.2628,AHT-D
366,2015-08-14,19.3076,AHT-D
367,2015-08-17,19.1957,AHT-D
368,2015-08-18,19.1882,AHT-D
369,2015-08-19,19.1808,AHT-D
370,2015-08-20,19.1808,AHT-D
371,2015-08-21,19.1136,AHT-D
372,2015-08-24,18.9346,AHT-D
373,2015-08-25,19.0017,AHT-D
374,2015-08-26,19.0986,AHT-D
375,2015-08-27,19.1808,AHT-D
376,2015-08-28,19.1629,AHT-D
377,2015-08-31,19.1882,AHT-D
378,2015-09-01,19.0838,AHT-D
379,2015-09-02,19.1509,AHT-D
380,2015-09-03,19.1637,AHT-D
381,2015-09-04,19.1733,AHT-D
382,2015-09-08,19.1901,AHT-D
383,2015-09-09,19.1524,AHT-D
384,2015-09-10,19.2076,AHT-D
385,2015-09-11,19.1435,AHT-D
386,2015-09-14,19.1867,AHT-D
387,2015-09-15,19.1584,AHT-D
388,2015-09-16,19.1509,AHT-D
389,2015-09-17,19.1808,AHT-D
390,2015-09-18,19.2031,AHT-D
391,2015-09-21,19.2777,AHT-D
392,2015-09-22,19.2554,AHT-D
393,2015-09-23,19.2479,AHT-D
394,2015-09-24,19.2554,AHT-D
395,2015-09-25,19.2852,AHT-D
396,2015-09-28,19.3828,AHT-D
397,2015-09-29,19.33,AHT-D
398,2015-09-30,19.439,AHT-D
399,2015-10-01,19.3675,AHT-D
400,2015-10-02,19.398,AHT-D
401,2015-10-05,19.4132,AHT-D
402,2015-10-06,19.3447,AHT-D
403,2015-10-07,19.317999999999998,AHT-D
404,2015-10-08,19.3447,AHT-D
405,2015-10-09,19.3447,AHT-D
406,2015-10-12,19.2991,AHT-D
407,2015-10-13,19.2913,AHT-D
408,2015-10-14,19.3066,AHT-D
409,2015-10-15,19.2076,AHT-D
410,2015-10-16,19.2228,AHT-D
411,2015-10-19,19.2609,AHT-D
412,2015-10-20,19.2076,AHT-D
413,2015-10-21,19.1543,AHT-D
414,2015-10-22,19.1695,AHT-D
415,2015-10-23,19.1238,AHT-D
416,2015-10-26,19.1543,AHT-D
417,2015-10-27,19.1467,AHT-D
418,2015-10-28,19.1238,AHT-D
419,2015-10-29,19.1314,AHT-D
420,2015-10-30,19.2152,AHT-D
421,2015-11-02,19.2685,AHT-D
422,2015-11-03,19.2761,AHT-D
423,2015-11-04,19.2761,AHT-D
424,2015-11-05,19.1314,AHT-D
425,2015-11-06,19.1619,AHT-D
426,2015-11-09,19.0934,AHT-D
427,2015-11-10,19.1314,AHT-D
428,2015-11-11,19.2152,AHT-D
429,2015-11-12,19.2076,AHT-D
430,2015-11-13,19.1698,AHT-D
431,2015-11-16,19.1467,AHT-D
432,2015-11-17,19.1695,AHT-D
433,2015-11-18,19.2685,AHT-D
434,2015-11-19,19.2533,AHT-D
435,2015-11-20,19.337,AHT-D
436,2015-11-23,19.3371,AHT-D
437,2015-11-24,19.299,AHT-D
438,2015-11-25,19.3218,AHT-D
439,2015-11-27,19.3066,AHT-D
440,2015-11-30,19.2914,AHT-D
441,2015-12-01,19.398,AHT-D
442,2015-12-02,19.3302,AHT-D
443,2015-12-03,19.299,AHT-D
444,2015-12-04,19.2761,AHT-D
445,2015-12-07,19.2304,AHT-D
446,2015-12-08,19.1924,AHT-D
447,2015-12-09,19.1695,AHT-D
448,2015-12-10,19.2457,AHT-D
449,2015-12-11,19.1543,AHT-D
450,2015-12-14,18.9486,AHT-D
451,2015-12-15,19.1086,AHT-D
452,2015-12-16,19.1619,AHT-D
453,2015-12-17,19.2457,AHT-D
454,2015-12-18,19.2685,AHT-D
455,2015-12-21,19.2761,AHT-D
456,2015-12-22,19.299,AHT-D
457,2015-12-23,19.3218,AHT-D
458,2015-12-24,19.3599,AHT-D
459,2015-12-28,19.4818,AHT-D
460,2015-12-29,19.5969,AHT-D
461,2015-12-30,19.6047,AHT-D
462,2015-12-31,19.5892,AHT-D
463,2016-01-04,19.5192,AHT-D
464,2016-01-05,19.5192,AHT-D
465,2016-01-06,19.5347,AHT-D
466,2016-01-07,19.5347,AHT-D
467,2016-01-08,19.5192,AHT-D
468,2016-01-11,19.4647,AHT-D
469,2016-01-12,19.3092,AHT-D
470,2016-01-13,18.1038,AHT-D
471,2016-01-14,17.9405,AHT-D
472,2016-01-15,17.2484,AHT-D
473,2016-01-19,15.0243,AHT-D
474,2016-01-20,13.9278,AHT-D
475,2016-01-21,15.0321,AHT-D
476,2016-01-22,16.9762,AHT-D
477,2016-01-25,16.3619,AHT-D
478,2016-01-26,16.8751,AHT-D
479,2016-01-27,16.6496,AHT-D
480,2016-01-28,16.8596,AHT-D
481,2016-01-29,17.2095,AHT-D
482,2016-02-01,16.8518,AHT-D
483,2016-02-02,16.6341,AHT-D
484,2016-02-03,16.8129,AHT-D
485,2016-02-04,17.0929,AHT-D
486,2016-02-05,17.0458,AHT-D
487,2016-02-08,16.8207,AHT-D
488,2016-02-09,16.1753,AHT-D
489,2016-02-10,16.533,AHT-D
490,2016-02-11,16.0586,AHT-D
491,2016-02-12,16.2297,AHT-D
492,2016-02-16,16.323,AHT-D
493,2016-02-17,16.602999999999998,AHT-D
494,2016-02-18,16.5641,AHT-D
495,2016-02-19,16.7041,AHT-D
496,2016-02-22,17.0539,AHT-D
497,2016-02-23,16.8363,AHT-D
498,2016-02-24,16.8052,AHT-D
499,2016-02-25,17.3495,AHT-D
500,2016-02-26,17.8006,AHT-D
501,2016-02-29,17.8006,AHT-D
502,2016-03-01,18.1505,AHT-D
503,2016-03-02,18.1816,AHT-D
504,2016-03-03,18.2629,AHT-D
505,2016-03-04,18.8023,AHT-D
506,2016-03-07,18.8193,AHT-D
507,2016-03-08,18.7726,AHT-D
508,2016-03-09,18.5004,AHT-D
509,2016-03-10,17.6528,AHT-D
510,2016-03-11,17.785,AHT-D
511,2016-03-14,17.8628,AHT-D
512,2016-03-15,17.9094,AHT-D
513,2016-03-16,18.0494,AHT-D
514,2016-03-17,18.1972,AHT-D
515,2016-03-18,18.2827,AHT-D
516,2016-03-21,18.4849,AHT-D
517,2016-03-22,18.8193,AHT-D
518,2016-03-23,18.6793,AHT-D
519,2016-03-24,18.3838,AHT-D
520,2016-03-28,18.3901,AHT-D
521,2016-03-29,18.59,AHT-D
522,2016-03-30,18.6128,AHT-D
523,2016-03-31,18.7682,AHT-D
524,2016-04-01,18.8594,AHT-D
525,2016-04-04,19.4877,AHT-D
526,2016-04-05,19.6468,AHT-D
527,2016-04-06,19.7423,AHT-D
528,2016-04-07,19.79,AHT-D
529,2016-04-08,19.8775,AHT-D
530,2016-04-11,19.957,AHT-D
531,2016-04-12,19.965,AHT-D
532,2016-04-13,19.957,AHT-D
533,2016-04-14,19.965,AHT-D
534,2016-04-15,19.965,AHT-D
535,2016-04-18,19.8298,AHT-D
536,2016-04-19,19.9252,AHT-D
537,2016-04-20,19.8377,AHT-D
538,2016-04-21,19.8457,AHT-D
539,2016-04-22,19.8298,AHT-D
540,2016-04-25,19.8059,AHT-D
541,2016-04-26,19.9173,AHT-D
542,2016-04-27,19.9252,AHT-D
543,2016-04-28,19.9411,AHT-D
544,2016-04-29,19.8855,AHT-D
545,2016-05-02,19.957,AHT-D
546,2016-05-03,19.9014,AHT-D
547,2016-05-04,19.9173,AHT-D
548,2016-05-05,19.8775,AHT-D
549,2016-05-06,19.9212,AHT-D
550,2016-05-09,19.9093,AHT-D
551,2016-05-10,19.9252,AHT-D
552,2016-05-11,19.9332,AHT-D
553,2016-05-12,19.9332,AHT-D
554,2016-05-13,19.9093,AHT-D
555,2016-05-16,20.0923,AHT-D
556,2016-05-17,20.0048,AHT-D
557,2016-05-18,19.9014,AHT-D
558,2016-05-19,19.6707,AHT-D
559,2016-05-20,20.0048,AHT-D
560,2016-05-23,20.0604,AHT-D
561,2016-05-24,20.0286,AHT-D
562,2016-05-25,20.0048,AHT-D
563,2016-05-26,19.9531,AHT-D
564,2016-05-27,19.8616,AHT-D
565,2016-05-31,19.7741,AHT-D
566,2016-06-01,19.8775,AHT-D
567,2016-06-02,20.0048,AHT-D
568,2016-06-03,19.9968,AHT-D
569,2016-06-06,20.0048,AHT-D
570,2016-06-07,20.0048,AHT-D
571,2016-06-08,20.0525,AHT-D
572,2016-06-09,20.0445,AHT-D
573,2016-06-10,20.0366,AHT-D
574,2016-06-13,20.0366,AHT-D
575,2016-06-14,20.0286,AHT-D
576,2016-06-15,20.0127,AHT-D
577,2016-06-16,20.0366,AHT-D
578,2016-06-17,20.0445,AHT-D
579,2016-06-20,20.0764,AHT-D
580,2016-06-21,20.2116,AHT-D
581,2016-06-22,20.2195,AHT-D
582,2016-06-23,20.2116,AHT-D
583,2016-06-24,20.2116,AHT-D
584,2016-06-27,19.9809,AHT-D
585,2016-06-28,20.2719,AHT-D
586,2016-06-29,20.4019,AHT-D
587,2016-06-30,20.3856,AHT-D
588,2016-07-01,20.3937,AHT-D
589,2016-07-05,20.475,AHT-D
590,2016-07-06,20.5562,AHT-D
591,2016-07-07,20.54,AHT-D
592,2016-07-08,20.5193,AHT-D
593,2016-07-11,20.5887,AHT-D
594,2016-07-12,20.5725,AHT-D
595,2016-07-13,20.6294,AHT-D
596,2016-07-14,20.5562,AHT-D
597,2016-07-15,20.6619,AHT-D
598,2016-07-18,20.605,AHT-D
599,2016-07-19,20.6537,AHT-D
600,2016-07-20,20.6131,AHT-D
601,2016-07-21,20.6131,AHT-D
602,2016-07-22,20.6212,AHT-D
603,2016-07-25,20.6375,AHT-D
604,2016-07-26,20.6537,AHT-D
605,2016-07-27,20.6537,AHT-D
606,2016-07-28,20.67,AHT-D
607,2016-07-29,20.7431,AHT-D
608,2016-08-01,20.8487,AHT-D
609,2016-08-02,20.8812,AHT-D
610,2016-08-03,20.7106,AHT-D
611,2016-08-04,20.7269,AHT-D
612,2016-08-05,20.7756,AHT-D
613,2016-08-08,20.7756,AHT-D
614,2016-08-09,20.8487,AHT-D
615,2016-08-10,20.8731,AHT-D
616,2016-08-11,20.9024,AHT-D
617,2016-08-12,20.8975,AHT-D
618,2016-08-15,20.865,AHT-D
619,2016-08-16,20.8731,AHT-D
620,2016-08-17,20.865,AHT-D
621,2016-08-18,20.7594,AHT-D
622,2016-08-19,20.7919,AHT-D
623,2016-08-22,20.8081,AHT-D
624,2016-08-23,20.7756,AHT-D
625,2016-08-24,20.7676,AHT-D
626,2016-08-25,20.8,AHT-D
627,2016-08-26,20.8081,AHT-D
628,2016-08-29,20.8,AHT-D
629,2016-08-30,20.8894,AHT-D
630,2016-08-31,20.8938,AHT-D
631,2016-09-01,20.8894,AHT-D
632,2016-09-02,20.8894,AHT-D
633,2016-09-06,20.8812,AHT-D
634,2016-09-07,20.8812,AHT-D
635,2016-09-08,20.8894,AHT-D
636,2016-09-09,20.7431,AHT-D
637,2016-09-12,20.8487,AHT-D
638,2016-09-13,20.8406,AHT-D
639,2016-09-14,20.8317,AHT-D
640,2016-09-15,20.8348,AHT-D
641,2016-09-16,20.8406,AHT-D
642,2016-09-19,20.7756,AHT-D
643,2016-09-20,20.7756,AHT-D
644,2016-09-21,20.865,AHT-D
645,2016-09-22,20.9137,AHT-D
646,2016-09-23,20.8975,AHT-D
647,2016-09-26,21.0681,AHT-D
648,2016-09-27,21.1006,AHT-D
649,2016-09-28,21.2151,AHT-D
650,2016-09-29,21.0824,AHT-D
651,2016-09-30,21.1156,AHT-D
652,2016-10-03,21.0741,AHT-D
653,2016-10-04,21.1097,AHT-D
654,2016-10-05,21.1405,AHT-D
655,2016-10-06,21.0907,AHT-D
656,2016-10-07,21.0493,AHT-D
657,2016-10-10,20.958000000000002,AHT-D
658,2016-10-11,20.9912,AHT-D
659,2016-10-12,21.016,AHT-D
660,2016-10-13,20.8668,AHT-D
661,2016-10-14,20.8668,AHT-D
662,2016-10-17,20.8824,AHT-D
663,2016-10-18,20.8834,AHT-D
664,2016-10-19,20.8585,AHT-D
665,2016-10-20,20.8585,AHT-D
666,2016-10-21,20.8834,AHT-D
667,2016-10-24,20.8585,AHT-D
668,2016-10-25,20.9,AHT-D
669,2016-10-26,20.8834,AHT-D
670,2016-10-27,20.958000000000002,AHT-D
671,2016-10-28,20.9249,AHT-D
672,2016-10-31,20.9249,AHT-D
673,2016-11-01,20.9414,AHT-D
674,2016-11-02,20.8892,AHT-D
675,2016-11-03,20.816999999999997,AHT-D
676,2016-11-04,20.8585,AHT-D
677,2016-11-07,20.8005,AHT-D
678,2016-11-08,20.7922,AHT-D
679,2016-11-09,20.7088,AHT-D
680,2016-11-10,20.4521,AHT-D
681,2016-11-11,20.674,AHT-D
682,2016-11-14,20.1867,AHT-D
683,2016-11-15,20.5351,AHT-D
684,2016-11-16,20.6512,AHT-D
685,2016-11-17,20.4438,AHT-D
686,2016-11-18,20.3194,AHT-D
687,2016-11-21,20.618000000000002,AHT-D
688,2016-11-22,20.6017,AHT-D
689,2016-11-23,20.4687,AHT-D
690,2016-11-25,20.5434,AHT-D
691,2016-11-28,20.4024,AHT-D
692,2016-11-29,20.4521,AHT-D
693,2016-11-30,20.4024,AHT-D
694,2016-12-01,20.4214,AHT-D
695,2016-12-02,20.4355,AHT-D
696,2016-12-05,20.4762,AHT-D
697,2016-12-06,20.5185,AHT-D
698,2016-12-07,20.6263,AHT-D
699,2016-12-08,20.6263,AHT-D
700,2016-12-09,20.6761,AHT-D
701,2016-12-12,20.5765,AHT-D
702,2016-12-13,20.6097,AHT-D
703,2016-12-14,20.6761,AHT-D
704,2016-12-15,20.7839,AHT-D
705,2016-12-16,20.9332,AHT-D
706,2016-12-19,20.9663,AHT-D
707,2016-12-20,20.983,AHT-D
708,2016-12-21,21.0078,AHT-D
709,2016-12-22,20.9663,AHT-D
710,2016-12-23,21.0078,AHT-D
711,2016-12-27,21.0907,AHT-D
712,2016-12-28,21.1145,AHT-D
713,2016-12-29,21.1654,AHT-D
714,2016-12-30,21.1617,AHT-D
715,2017-01-03,21.1569,AHT-D
716,2017-01-04,21.1654,AHT-D
717,2017-01-05,21.1738,AHT-D
718,2017-01-06,21.185,AHT-D
719,2017-01-09,21.1484,AHT-D
720,2017-01-10,21.2052,AHT-D
721,2017-01-11,21.3009,AHT-D
722,2017-01-12,21.2755,AHT-D
723,2017-01-13,21.3093,AHT-D
724,2017-01-17,21.3009,AHT-D
725,2017-01-18,21.2839,AHT-D
726,2017-01-19,21.1738,AHT-D
727,2017-01-20,21.267,AHT-D
728,2017-01-23,21.2162,AHT-D
729,2017-01-24,21.3813,AHT-D
730,2017-01-25,21.2839,AHT-D
731,2017-01-26,21.4279,AHT-D
732,2017-01-27,21.4872,AHT-D
733,2017-01-30,21.3517,AHT-D
734,2017-01-31,21.2331,AHT-D
735,2017-02-01,21.3009,AHT-D
736,2017-02-02,21.3677,AHT-D
737,2017-02-03,21.338,AHT-D
738,2017-02-06,21.3263,AHT-D
739,2017-02-07,21.3856,AHT-D
740,2017-02-08,21.5126,AHT-D
741,2017-02-09,21.6312,AHT-D
742,2017-02-10,21.5719,AHT-D
743,2017-02-13,21.5782,AHT-D
744,2017-02-14,21.5871,AHT-D
745,2017-02-15,21.5803,AHT-D
746,2017-02-16,21.5905,AHT-D
747,2017-02-17,21.5888,AHT-D
748,2017-02-21,21.4703,AHT-D
749,2017-02-22,21.4618,AHT-D
750,2017-02-23,21.4957,AHT-D
751,2017-02-24,21.5025,AHT-D
752,2017-02-27,21.555,AHT-D
753,2017-02-28,21.555,AHT-D
754,2017-03-01,21.5215,AHT-D
755,2017-03-02,21.4703,AHT-D
756,2017-03-03,21.4994,AHT-D
757,2017-03-06,21.4957,AHT-D
758,2017-03-07,21.4364,AHT-D
759,2017-03-08,21.4703,AHT-D
760,2017-03-09,21.4364,AHT-D
761,2017-03-10,21.4618,AHT-D
762,2017-03-13,21.5295,AHT-D
763,2017-03-14,21.4839,AHT-D
764,2017-03-15,21.5655,AHT-D
765,2017-03-16,21.6735,AHT-D
766,2017-03-17,21.673000000000002,AHT-D
767,2017-03-20,21.6396,AHT-D
768,2017-03-21,21.5295,AHT-D
769,2017-03-22,21.6287,AHT-D
770,2017-03-23,21.6651,AHT-D
771,2017-03-24,21.7498,AHT-D
772,2017-03-27,21.7667,AHT-D
773,2017-03-28,21.7752,AHT-D
774,2017-03-29,21.8773,AHT-D
775,2017-03-30,21.7735,AHT-D
776,2017-03-31,21.8341,AHT-D
777,2017-04-03,21.8946,AHT-D
778,2017-04-04,21.9032,AHT-D
779,2017-04-05,21.8427,AHT-D
780,2017-04-06,21.8514,AHT-D
781,2017-04-07,21.8773,AHT-D
782,2017-04-10,21.8773,AHT-D
783,2017-04-11,21.86,AHT-D
784,2017-04-12,21.8341,AHT-D
785,2017-04-13,21.9378,AHT-D
786,2017-04-17,22.006999999999998,AHT-D
787,2017-04-18,22.1193,AHT-D
788,2017-04-19,21.912,AHT-D
789,2017-04-20,22.0502,AHT-D
790,2017-04-21,22.0935,AHT-D
791,2017-04-24,22.0762,AHT-D
792,2017-04-25,21.9811,AHT-D
793,2017-04-26,22.0257,AHT-D
794,2017-04-27,21.9811,AHT-D
795,2017-04-28,21.9462,AHT-D
796,2017-05-01,22.0416,AHT-D
797,2017-05-02,22.1281,AHT-D
798,2017-05-03,22.0935,AHT-D
799,2017-05-04,21.9551,AHT-D
800,2017-05-05,22.0156,AHT-D
801,2017-05-08,21.9638,AHT-D
802,2017-05-09,21.8946,AHT-D
803,2017-05-10,22.006999999999998,AHT-D
804,2017-05-11,21.9205,AHT-D
805,2017-05-12,21.8859,AHT-D
806,2017-05-15,21.9551,AHT-D
807,2017-05-16,21.9638,AHT-D
808,2017-05-17,21.9292,AHT-D
809,2017-05-18,21.8859,AHT-D
810,2017-05-19,21.9292,AHT-D
811,2017-05-22,21.9984,AHT-D
812,2017-05-23,21.9378,AHT-D
813,2017-05-24,22.0156,AHT-D
814,2017-05-25,22.0069,AHT-D
815,2017-05-26,21.9855,AHT-D
816,2017-05-30,21.9638,AHT-D
817,2017-05-31,21.9811,AHT-D
818,2017-06-01,22.0762,AHT-D
819,2017-06-02,22.0935,AHT-D
820,2017-06-05,22.1021,AHT-D
821,2017-06-06,22.0243,AHT-D
822,2017-06-07,22.0731,AHT-D
823,2017-06-08,22.0243,AHT-D
824,2017-06-09,22.0935,AHT-D
825,2017-06-12,22.0729,AHT-D
826,2017-06-13,22.0243,AHT-D
827,2017-06-14,22.0502,AHT-D
828,2017-06-15,22.076999999999998,AHT-D
829,2017-06-16,22.0848,AHT-D
830,2017-06-19,22.0848,AHT-D
831,2017-06-20,22.1367,AHT-D
832,2017-06-21,22.1969,AHT-D
833,2017-06-22,22.2623,AHT-D
834,2017-06-23,22.2405,AHT-D
835,2017-06-26,22.3356,AHT-D
836,2017-06-27,22.4307,AHT-D
837,2017-06-28,22.4555,AHT-D
838,2017-06-29,22.3584,AHT-D
839,2017-06-30,22.392,AHT-D
840,2017-07-03,22.4026,AHT-D
841,2017-07-05,22.3761,AHT-D
842,2017-07-06,22.3143,AHT-D
843,2017-07-07,22.3408,AHT-D
844,2017-07-10,22.3408,AHT-D
845,2017-07-11,22.3143,AHT-D
846,2017-07-12,22.4026,AHT-D
847,2017-07-13,22.3849,AHT-D
848,2017-07-14,22.4114,AHT-D
849,2017-07-17,22.3761,AHT-D
850,2017-07-18,22.4908,AHT-D
851,2017-07-19,22.4644,AHT-D
852,2017-07-20,22.4026,AHT-D
853,2017-07-21,22.5703,AHT-D
854,2017-07-24,22.561999999999998,AHT-D
855,2017-07-25,22.4908,AHT-D
856,2017-07-26,22.5614,AHT-D
857,2017-07-27,22.4467,AHT-D
858,2017-07-28,22.5085,AHT-D
859,2017-07-31,22.5359,AHT-D
860,2017-08-01,22.5526,AHT-D
861,2017-08-02,22.5085,AHT-D
862,2017-08-03,22.5173,AHT-D
863,2017-08-04,22.5791,AHT-D
864,2017-08-07,22.5526,AHT-D
865,2017-08-08,22.5085,AHT-D
866,2017-08-09,22.5878,AHT-D
867,2017-08-10,22.535,AHT-D
868,2017-08-11,22.5703,AHT-D
869,2017-08-14,22.5614,AHT-D
870,2017-08-15,22.5959,AHT-D
871,2017-08-16,22.4467,AHT-D
872,2017-08-17,22.4997,AHT-D
873,2017-08-18,22.5085,AHT-D
874,2017-08-21,22.5085,AHT-D
875,2017-08-22,22.6056,AHT-D
876,2017-08-23,22.5261,AHT-D
877,2017-08-24,22.5261,AHT-D
878,2017-08-25,22.535,AHT-D
879,2017-08-28,22.5615,AHT-D
880,2017-08-29,22.5439,AHT-D
881,2017-08-30,22.6674,AHT-D
882,2017-08-31,22.6762,AHT-D
883,2017-09-01,22.7468,AHT-D
884,2017-09-05,22.6762,AHT-D
885,2017-09-06,22.738000000000003,AHT-D
886,2017-09-07,22.7556,AHT-D
887,2017-09-08,22.8174,AHT-D
888,2017-09-11,22.685,AHT-D
889,2017-09-12,22.6674,AHT-D
890,2017-09-13,22.6674,AHT-D
891,2017-09-14,22.6762,AHT-D
892,2017-09-15,22.7732,AHT-D
893,2017-09-18,22.7909,AHT-D
894,2017-09-19,22.7468,AHT-D
895,2017-09-20,22.7556,AHT-D
896,2017-09-21,22.7998,AHT-D
897,2017-09-22,22.7998,AHT-D
898,2017-09-25,22.7865,AHT-D
899,2017-09-26,22.8439,AHT-D
900,2017-09-27,22.8174,AHT-D
901,2017-09-28,22.9058,AHT-D
902,2017-09-29,22.9058,AHT-D
903,2017-10-02,22.8517,AHT-D
904,2017-10-03,22.9058,AHT-D
905,2017-10-04,22.9689,AHT-D
906,2017-10-05,22.9148,AHT-D
907,2017-10-06,22.9328,AHT-D
908,2017-10-09,22.8427,AHT-D
909,2017-10-10,22.8157,AHT-D
910,2017-10-11,22.8157,AHT-D
911,2017-10-12,22.8427,AHT-D
912,2017-10-13,22.8788,AHT-D
913,2017-10-16,22.8517,AHT-D
914,2017-10-17,22.9183,AHT-D
915,2017-10-18,22.9238,AHT-D
916,2017-10-19,22.9599,AHT-D
917,2017-10-20,22.9689,AHT-D
918,2017-10-23,22.9591,AHT-D
919,2017-10-24,22.9392,AHT-D
920,2017-10-25,22.8608,AHT-D
921,2017-10-26,22.8658,AHT-D
922,2017-10-27,22.8608,AHT-D
923,2017-10-30,22.8895,AHT-D
924,2017-10-31,22.9238,AHT-D
925,2017-11-01,22.9599,AHT-D
926,2017-11-02,22.9689,AHT-D
927,2017-11-03,22.9094,AHT-D
928,2017-11-06,22.9509,AHT-D
929,2017-11-07,22.9689,AHT-D
930,2017-11-08,22.8157,AHT-D
931,2017-11-09,22.9419,AHT-D
932,2017-11-10,22.9869,AHT-D
933,2017-11-13,23.0902,AHT-D
934,2017-11-14,23.068,AHT-D
935,2017-11-15,23.068,AHT-D
936,2017-11-16,23.1005,AHT-D
937,2017-11-17,23.05,AHT-D
938,2017-11-20,23.041,AHT-D
939,2017-11-21,23.1041,AHT-D
940,2017-11-22,23.068,AHT-D
941,2017-11-24,23.0787,AHT-D
942,2017-11-27,23.031999999999996,AHT-D
943,2017-11-28,23.0692,AHT-D
944,2017-11-29,23.041,AHT-D
945,2017-11-30,23.041,AHT-D
946,2017-12-01,23.0524,AHT-D
947,2017-12-04,23.059,AHT-D
948,2017-12-05,23.1303,AHT-D
949,2017-12-06,23.1491,AHT-D
950,2017-12-07,23.1491,AHT-D
951,2017-12-08,23.076999999999998,AHT-D
952,2017-12-11,23.1131,AHT-D
953,2017-12-12,23.1131,AHT-D
954,2017-12-13,23.068,AHT-D
955,2017-12-14,23.0516,AHT-D
956,2017-12-15,23.059,AHT-D
957,2017-12-18,23.1041,AHT-D
958,2017-12-19,23.05,AHT-D
959,2017-12-20,23.05,AHT-D
960,2017-12-21,23.076999999999998,AHT-D
961,2017-12-22,23.076999999999998,AHT-D
962,2017-12-26,23.086,AHT-D
963,2017-12-27,23.1041,AHT-D
964,2017-12-28,23.1391,AHT-D
965,2017-12-29,23.1667,AHT-D
966,2018-01-02,23.0563,AHT-D
967,2018-01-03,23.0747,AHT-D
968,2018-01-04,23.2403,AHT-D
969,2018-01-05,23.2127,AHT-D
970,2018-01-08,23.3691,AHT-D
971,2018-01-09,23.3691,AHT-D
972,2018-01-10,23.1483,AHT-D
973,2018-01-11,23.2495,AHT-D
974,2018-01-12,23.2311,AHT-D
975,2018-01-16,23.2587,AHT-D
976,2018-01-17,23.2127,AHT-D
977,2018-01-18,23.2035,AHT-D
978,2018-01-19,23.5531,AHT-D
979,2018-01-22,23.5071,AHT-D
980,2018-01-23,23.5439,AHT-D
981,2018-01-24,23.4979,AHT-D
982,2018-01-25,23.5023,AHT-D
983,2018-01-26,23.4841,AHT-D
984,2018-01-29,23.3967,AHT-D
985,2018-01-30,23.2969,AHT-D
986,2018-01-31,23.2587,AHT-D
987,2018-02-01,23.2679,AHT-D
988,2018-02-02,23.2127,AHT-D
989,2018-02-05,23.1851,AHT-D
990,2018-02-06,23.1206,AHT-D
991,2018-02-07,23.1575,AHT-D
992,2018-02-08,23.1299,AHT-D
993,2018-02-09,23.1831,AHT-D
994,2018-02-12,23.2082,AHT-D
995,2018-02-13,23.1851,AHT-D
996,2018-02-14,23.2128,AHT-D
997,2018-02-15,23.1759,AHT-D
998,2018-02-16,23.2495,AHT-D
999,2018-02-20,23.3981,AHT-D
1000,2018-02-21,23.2771,AHT-D
1001,2018-02-22,23.1759,AHT-D
1002,2018-02-23,23.1943,AHT-D
1003,2018-02-26,23.1943,AHT-D
1004,2018-02-27,23.2955,AHT-D
1005,2018-02-28,23.2587,AHT-D
1006,2018-03-01,23.2311,AHT-D
1007,2018-03-02,23.3967,AHT-D
1008,2018-03-05,23.3783,AHT-D
1009,2018-03-06,23.4059,AHT-D
1010,2018-03-07,23.3507,AHT-D
1011,2018-03-08,23.3489,AHT-D
1012,2018-03-09,23.3596,AHT-D
1013,2018-03-12,23.3691,AHT-D
1014,2018-03-13,23.5255,AHT-D
1015,2018-03-14,23.488000000000003,AHT-D
1016,2018-03-15,23.5899,AHT-D
1017,2018-03-16,23.5631,AHT-D
1018,2018-03-19,23.6543,AHT-D
1019,2018-03-20,23.6543,AHT-D
1020,2018-03-21,23.6442,AHT-D
1021,2018-03-22,23.6518,AHT-D
1022,2018-03-23,23.6451,AHT-D
1023,2018-03-26,23.5086,AHT-D
1024,2018-03-27,23.5485,AHT-D
1025,2018-03-28,23.7112,AHT-D
1026,2018-03-29,23.683000000000003,AHT-D
1027,2018-04-02,23.8181,AHT-D
1028,2018-04-03,23.7675,AHT-D
1029,2018-04-04,23.7205,AHT-D
1030,2018-04-05,23.6548,AHT-D
1031,2018-04-06,23.6924,AHT-D
1032,2018-04-09,23.7384,AHT-D
1033,2018-04-10,23.756,AHT-D
1034,2018-04-11,23.699,AHT-D
1035,2018-04-12,23.7487,AHT-D
1036,2018-04-13,23.73,AHT-D
1037,2018-04-16,23.8239,AHT-D
1038,2018-04-17,23.8557,AHT-D
1039,2018-04-18,23.9084,AHT-D
1040,2018-04-19,23.8521,AHT-D
1041,2018-04-20,23.8662,AHT-D
1042,2018-04-23,23.824,AHT-D
1043,2018-04-24,23.9178,AHT-D
1044,2018-04-25,23.8709,AHT-D
1045,2018-04-26,23.9235,AHT-D
1046,2018-04-27,23.945999999999998,AHT-D
1047,2018-04-30,23.9084,AHT-D
1048,2018-05-01,23.945999999999998,AHT-D
1049,2018-05-02,23.9319,AHT-D
1050,2018-05-03,23.9366,AHT-D
1051,2018-05-04,23.959,AHT-D
1052,2018-05-07,24.1715,AHT-D
1053,2018-05-08,24.1903,AHT-D
1054,2018-05-09,24.1951,AHT-D
1055,2018-05-10,24.1716,AHT-D
1056,2018-05-11,24.1809,AHT-D
1057,2018-05-14,24.1715,AHT-D
1058,2018-05-15,24.1997,AHT-D
1059,2018-05-16,24.2372,AHT-D
1060,2018-05-17,24.1997,AHT-D
1061,2018-05-18,24.2184,AHT-D
1062,2018-05-21,24.2278,AHT-D
1063,2018-05-22,24.303,AHT-D
1064,2018-05-23,24.303,AHT-D
1065,2018-05-24,24.3781,AHT-D
1066,2018-05-25,24.3688,AHT-D
1067,2018-05-29,24.3537,AHT-D
1068,2018-05-30,24.2927,AHT-D
1069,2018-05-31,24.2466,AHT-D
1070,2018-06-01,24.3312,AHT-D
1071,2018-06-04,24.3265,AHT-D
1072,2018-06-05,24.3688,AHT-D
1073,2018-06-06,24.345,AHT-D
1074,2018-06-07,24.3436,AHT-D
1075,2018-06-08,24.2925,AHT-D
1076,2018-06-11,24.3875,AHT-D
1077,2018-06-12,24.3108,AHT-D
1078,2018-06-13,24.3501,AHT-D
1079,2018-06-14,24.3218,AHT-D
1080,2018-06-15,24.4251,AHT-D
1081,2018-06-18,24.3312,AHT-D
1082,2018-06-19,24.3596,AHT-D
1083,2018-06-20,24.3781,AHT-D
1084,2018-06-21,24.3761,AHT-D
1085,2018-06-22,24.303,AHT-D
1086,2018-06-25,24.4251,AHT-D
1087,2018-06-26,24.3969,AHT-D
1088,2018-06-27,24.3971,AHT-D
1089,2018-06-28,24.4722,AHT-D
1090,2018-06-29,24.4622,AHT-D
1091,2018-07-02,24.4622,AHT-D
1092,2018-07-03,24.5006,AHT-D
1093,2018-07-05,24.5198,AHT-D
1094,2018-07-06,24.5677,AHT-D
1095,2018-07-09,24.6444,AHT-D
1096,2018-07-10,24.6924,AHT-D
1097,2018-07-11,24.6444,AHT-D
1098,2018-07-12,24.8362,AHT-D
1099,2018-07-13,24.7404,AHT-D
1100,2018-07-16,24.8458,AHT-D
1101,2018-07-17,24.7993,AHT-D
1102,2018-07-18,24.8074,AHT-D
1103,2018-07-19,24.7796,AHT-D
1104,2018-07-20,24.816999999999997,AHT-D
1105,2018-07-23,24.8362,AHT-D
1106,2018-07-24,24.8893,AHT-D
1107,2018-07-25,24.8662,AHT-D
1108,2018-07-26,24.8842,AHT-D
1109,2018-07-27,24.9007,AHT-D
1110,2018-07-30,24.9609,AHT-D
1111,2018-07-31,24.8791,AHT-D
1112,2018-08-01,24.9321,AHT-D
1113,2018-08-02,24.8939,AHT-D
1114,2018-08-03,24.9033,AHT-D
1115,2018-08-06,24.9321,AHT-D
1116,2018-08-07,24.8842,AHT-D
1117,2018-08-08,24.956999999999997,AHT-D
1118,2018-08-09,25.0759,AHT-D
1119,2018-08-10,24.9271,AHT-D
1120,2018-08-13,24.9801,AHT-D
1121,2018-08-14,24.9609,AHT-D
1122,2018-08-15,24.8362,AHT-D
1123,2018-08-16,25.0088,AHT-D
1124,2018-08-17,25.1239,AHT-D
1125,2018-08-20,25.1431,AHT-D
1126,2018-08-21,25.1717,AHT-D
1127,2018-08-22,25.028000000000002,AHT-D
1128,2018-08-23,25.1047,AHT-D
1129,2018-08-24,25.1287,AHT-D
1130,2018-08-27,24.9896,AHT-D
1131,2018-08-28,24.9705,AHT-D
1132,2018-08-29,24.9801,AHT-D
1133,2018-08-30,24.9532,AHT-D
1134,2018-08-31,24.987,AHT-D
1135,2018-09-04,24.9639,AHT-D
1136,2018-09-05,24.9917,AHT-D
1137,2018-09-06,24.9513,AHT-D
1138,2018-09-07,24.9417,AHT-D
1139,2018-09-10,24.9591,AHT-D
1140,2018-09-11,24.9703,AHT-D
1141,2018-09-12,24.969,AHT-D
1142,2018-09-13,24.9992,AHT-D
1143,2018-09-14,24.9705,AHT-D
1144,2018-09-17,24.9801,AHT-D
1145,2018-09-18,25.0088,AHT-D
1146,2018-09-19,25.0855,AHT-D
1147,2018-09-20,25.0855,AHT-D
1148,2018-09-21,25.1239,AHT-D
1149,2018-09-24,25.1718,AHT-D
1150,2018-09-25,25.2294,AHT-D
1151,2018-09-26,25.028000000000002,AHT-D
1152,2018-09-27,25.2023,AHT-D
1153,2018-09-28,25.3296,AHT-D
1154,2018-10-01,25.3687,AHT-D
1155,2018-10-02,25.3393,AHT-D
1156,2018-10-03,25.173000000000002,AHT-D
1157,2018-10-04,24.9479,AHT-D
1158,2018-10-05,24.7227,AHT-D
1159,2018-10-08,24.6542,AHT-D
1160,2018-10-09,24.7619,AHT-D
1161,2018-10-10,24.9381,AHT-D
1162,2018-10-11,24.801,AHT-D
1163,2018-10-12,24.8108,AHT-D
1164,2018-10-15,24.8845,AHT-D
1165,2018-10-16,24.85,AHT-D
1166,2018-10-17,24.8614,AHT-D
1167,2018-10-18,24.8793,AHT-D
1168,2018-10-19,25.053,AHT-D
1169,2018-10-22,25.0057,AHT-D
1170,2018-10-23,24.9133,AHT-D
1171,2018-10-24,24.9133,AHT-D
1172,2018-10-25,24.9625,AHT-D
1173,2018-10-26,24.9087,AHT-D
1174,2018-10-29,24.7698,AHT-D
1175,2018-10-30,24.9576,AHT-D
1176,2018-10-31,25.0164,AHT-D
1177,2018-11-01,25.0161,AHT-D
1178,2018-11-02,24.8402,AHT-D
1179,2018-11-05,24.8598,AHT-D
1180,2018-11-06,24.7857,AHT-D
1181,2018-11-07,24.7521,AHT-D
1182,2018-11-08,24.664,AHT-D
1183,2018-11-09,24.6444,AHT-D
1184,2018-11-12,24.7423,AHT-D
1185,2018-11-13,24.7227,AHT-D
1186,2018-11-14,24.6578,AHT-D
1187,2018-11-15,24.3313,AHT-D
1188,2018-11-16,24.6249,AHT-D
1189,2018-11-19,24.6836,AHT-D
1190,2018-11-20,24.6542,AHT-D
1191,2018-11-21,24.6347,AHT-D
1192,2018-11-23,24.7521,AHT-D
1193,2018-11-26,24.6836,AHT-D
1194,2018-11-27,24.5109,AHT-D
1195,2018-11-28,24.6738,AHT-D
1196,2018-11-29,24.7423,AHT-D
1197,2018-11-30,24.7717,AHT-D
1198,2018-12-03,24.7521,AHT-D
1199,2018-12-04,24.8304,AHT-D
1200,2018-12-06,24.7227,AHT-D
1201,2018-12-07,24.6102,AHT-D
1202,2018-12-10,24.5564,AHT-D
1203,2018-12-11,24.649,AHT-D
1204,2018-12-12,24.5172,AHT-D
1205,2018-12-13,24.4683,AHT-D
1206,2018-12-14,24.5955,AHT-D
1207,2018-12-17,24.2725,AHT-D
1208,2018-12-18,24.39,AHT-D
1209,2018-12-19,24.3886,AHT-D
1210,2018-12-20,24.3802,AHT-D
1211,2018-12-21,24.2334,AHT-D
1212,2018-12-24,23.9202,AHT-D
1213,2018-12-26,24.0278,AHT-D
1214,2018-12-27,24.3019,AHT-D
1215,2018-12-28,24.25,AHT-D
1216,2018-12-31,23.63,AHT-D
1217,2019-01-02,23.8,AHT-D
1218,2019-01-03,24.27,AHT-D
1219,2019-01-04,24.63,AHT-D
1220,2019-01-07,25.18,AHT-D
1221,2019-01-08,25.0,AHT-D
1222,2019-01-09,24.77,AHT-D
1223,2019-01-10,24.88,AHT-D
1224,2019-01-11,24.62,AHT-D
1225,2019-01-14,24.7588,AHT-D
1226,2019-01-15,24.78,AHT-D
1227,2019-01-16,24.85,AHT-D
1228,2019-01-17,24.85,AHT-D
1229,2019-01-18,24.9,AHT-D
1230,2019-01-22,24.94,AHT-D
1231,2019-01-23,24.8,AHT-D
1232,2019-01-24,24.75,AHT-D
1233,2019-01-25,24.68,AHT-D
1234,2019-01-28,24.69,AHT-D
1235,2019-01-29,25.03,AHT-D
1236,2019-01-30,24.9,AHT-D
1237,2019-01-31,24.13,AHT-D
1238,2019-02-01,24.73,AHT-D
1239,2019-02-04,24.64,AHT-D
1240,2019-02-05,24.61,AHT-D
1241,2019-02-06,24.5,AHT-D
1242,2019-02-07,24.35,AHT-D
1243,2019-02-08,24.52,AHT-D
1244,2019-02-11,24.69,AHT-D
1245,2019-02-12,24.78,AHT-D
1246,2019-02-13,24.8,AHT-D
1247,2019-02-14,24.77,AHT-D
1248,2019-02-15,24.85,AHT-D
1249,2019-02-19,24.98,AHT-D
1250,2019-02-20,25.01,AHT-D
1251,2019-02-21,25.0363,AHT-D
1252,2019-02-22,25.14,AHT-D
1253,2019-02-25,25.31,AHT-D
1254,2019-02-26,25.281,AHT-D
1255,2019-02-27,25.38,AHT-D
1256,2019-02-28,25.44,AHT-D
1257,2019-03-01,25.1828,AHT-D
